BlankNum,Material,ID,Serie,VIP-Key,ToolPack1,ToolProf1,ToolPack2,ToolProf2,Material1,Width,Height,ProfileType,Length,PartNum,POL,PairNum,EndLength
1,1,513,W2434TSW,KIASH-U,24003,B-04,24001,A-04,1,35,116,1,1610,4,237,216,1600
1,1,497,W2434TSW,KIASH-U,24003,B-04,24001,A-04,1,35,116,1,1610,4,236,216,1600
1,1,424,W2434TSW,KIASH-U,24003,B-04,24001,A-04,1,35,116,1,1110,4,230,210,1100
1,1,369,W2434TSW,KIASH-U,24003,B-04,24001,A-04,1,35,116,1,1110,4,226,210,1100
1,1,561,W2434TSW,KUASH-U,24003,B-04,24001,A-04,1,35,116,1,310,4,242,0,300
2,1,627,W2434TSW,KUASH-U,24003,B-04,24001,A-04,1,35,116,1,610,4,249,0,600
2,1,594,W2434TSW,KUASH-U,24003,B-04,24001,A-04,1,35,116,1,1110,4,245,0,1100
2,1,536,W2434TSW,KIASH-U,24003,B-04,24001,A-04,1,35,116,1,1510,4,239,0,1500
2,1,472,W2434TSW,KUASH-U,24003,B-04,24001,A-04,1,35,116,1,960,4,234,0,950
3,2,626,W2434TSW,KUAS--O,24003,B-04,24001,A-04,2,44,116,1,610,3,249,0,600
3,2,545,W2434TSW,KUAS--O,24003,B-04,24001,A-04,2,44,116,1,710,3,240,0,700
4,2,560,W2434TSW,KUAS--O,24003,B-04,24001,A-04,2,44,116,1,310,3,242,218,300
4,2,552,W2434TSW,KUAS--O,24003,B-04,24001,A-04,2,44,116,1,310,3,241,218,300
4,2,569,W2434TSW,KUAS--O,24003,B-04,24001,A-04,2,44,116,1,960,3,243,214,950
4,2,471,W2434TSW,KUAS--O,24003,B-04,24001,A-04,2,44,116,1,960,3,234,214,950
4,2,580,W2434TSW,KUAS--O,24003,B-04,24001,A-04,2,44,116,1,610,3,244,208,600
4,2,360,W2434TSW,KUAS--O,24003,B-04,24001,A-04,2,44,116,1,610,3,225,208,600
4,2,607,W2434TSW,KUAS--O,24003,B-04,24001,A-04,2,44,116,1,710,3,246,197,700
4,2,608,W2434TSW,KUAS--U,24003,B-04,24001,A-04,2,44,116,1,710,4,246,197,700
4,2,355,W2434TSW,KUAS--O,24003,B-04,24001,A-04,2,44,116,1,360,3,224,172,350
4,2,356,W2434TSW,KUAS--U,24003,B-04,24001,A-04,2,44,116,1,360,4,224,172,350
5,2,454,W2434TSW,KUAS--O,24003,B-04,24001,A-04,2,44,116,1,1460,3,232,213,1450
5,2,439,W2434TSW,KUAS--O,24003,B-04,24001,A-04,2,44,116,1,1460,3,231,213,1450
5,2,423,W2434TSW,KIAS--O,24003,B-04,24001,A-04,2,44,116,1,1110,3,230,212,1100
5,2,411,W2434TSW,KIAS--O,24003,B-04,24001,A-04,2,44,116,1,1110,3,229,212,1100
5,2,463,W2434TSW,KIAS--O,24003,B-04,24001,A-04,2,44,116,1,810,3,233,0,800
6,2,613,W2434TSW,KUAS--O,24003,B-04,24001,A-04,2,44,116,1,710,3,247,199,700
6,2,614,W2434TSW,KUAS--U,24003,B-04,24001,A-04,2,44,116,1,710,4,247,199,700
7,2,512,W2434TSW,KIAS--O,24003,B-04,24001,A-04,2,44,116,1,1610,3,237,215,1600
7,2,496,W2434TSW,KIAS--O,24003,B-04,24001,A-04,2,44,116,1,1610,3,236,215,1600
7,2,619,W2434TSW,KUAS--O,24003,B-04,24001,A-04,2,44,116,1,910,3,248,0,900
7,2,535,W2434TSW,KIAS--O,24003,B-04,24001,A-04,2,44,116,1,1510,3,239,0,1500
7,2,337,W2434TSW,KUAS--O,24003,B-04,24001,A-04,2,44,116,1,310,3,221,163,300
8,2,338,W2434TSW,KUAS--U,24003,B-04,24001,A-04,2,44,116,1,310,4,221,163,300
8,2,397,W2434TSW,KUAS--O,24003,B-04,24001,A-04,2,44,116,1,1110,3,228,209,1100
8,2,368,W2434TSW,KIAS--O,24003,B-04,24001,A-04,2,44,116,1,1110,3,226,209,1100
8,2,593,W2434TSW,KUAS--O,24003,B-04,24001,A-04,2,44,116,1,1110,3,245,0,1100
8,2,524,W2434TSW,KUAS--O,24003,B-04,24001,A-04,2,44,116,1,1013,3,238,0,1003
8,2,333,W2434TSW,KUAS--O,24003,B-04,24001,A-04,2,44,116,1,1310,3,220,161,1300
9,2,334,W2434TSW,KUAS--U,24003,B-04,24001,A-04,2,44,116,1,1310,4,220,161,1300
9,2,321,W2434TSW,KUAS--O,24003,B-04,24001,A-04,2,44,116,1,360,3,219,155,350
9,2,322,W2434TSW,KUAS--U,24003,B-04,24001,A-04,2,44,116,1,360,4,219,155,350
9,2,303,W2434TSW,KUAS--O,24003,B-04,24001,A-04,2,44,116,1,360,3,217,146,350
9,2,304,W2434TSW,KUAS--U,24003,B-04,24001,A-04,2,44,116,1,360,4,217,146,350
9,2,295,W2434TSW,KUAS--O,24003,B-04,24001,A-04,2,44,116,1,360,3,216,142,350
9,2,296,W2434TSW,KUAS--U,24003,B-04,24001,A-04,2,44,116,1,360,4,216,142,350
9,2,481,W2434TSW,KUAS--O,24003,B-04,24001,A-04,2,44,116,1,2010,3,235,0,2000
9,2,177,W2434TSW,KUAS--O,24003,B-04,24001,A-04,2,44,116,1,430,3,210,86,420
10,2,178,W2434TSW,KUAS--U,24003,B-04,24001,A-04,2,44,116,1,430,4,210,86,420
10,2,229,W2434TSW,KUAS--O,24003,B-04,24001,A-04,2,44,116,1,1510,3,212,110,1500
10,2,230,W2434TSW,KUAS--U,24003,B-04,24001,A-04,2,44,116,1,1510,4,212,110,1500
10,2,45,W2434TSW,KUAS--O,24003,B-04,24001,A-04,2,44,116,1,510,3,204,0,500
10,2,382,W2434TSW,KUAS--O,24003,B-04,24001,A-04,2,44,116,1,1810,3,227,0,1800
11,2,318,W2434TSW,KUAS--U,24003,B-04,24001,A-04,2,44,116,1,2010,4,218,153,2000
11,2,317,W2434TSW,KUAS--O,24003,B-04,24001,A-04,2,44,116,1,2010,3,218,153,2000
11,2,287,W2434TSW,KUAS--O,24003,B-04,24001,A-04,2,44,116,1,1010,3,215,0,1000
11,2,205,W2434TSW,KUAS--O,24003,B-04,24001,A-04,2,44,116,1,822,3,211,99,812
12,2,206,W2434TSW,KUAS--U,24003,B-04,24001,A-04,2,44,116,1,822,4,211,99,812
12,2,288,W2434TSW,KUAS--U,24003,B-04,24001,A-04,2,44,116,1,1010,4,215,0,1000
12,2,256,W2434TSW,KUAS--O,24003,B-04,24001,A-04,2,44,116,1,2010,3,213,123,2000
12,2,257,W2434TSW,KUAS--U,24003,B-04,24001,A-04,2,44,116,1,2010,4,213,123,2000
13,2,46,W2434TSW,KUAS--U,24003,B-04,24001,A-04,2,44,116,1,510,4,204,0,500
13,2,42,W2434TSW,KUAS--U,24003,B-04,24001,A-04,2,44,116,1,1582,4,203,0,1572
13,2,20,W2434TSW,KUAS--O,24003,B-04,24001,A-04,2,44,116,1,822,3,201,11,812
13,2,21,W2434TSW,KUAS--U,24003,B-04,24001,A-04,2,44,116,1,822,4,201,11,812
13,2,6,W2434TSW,KUAS--O,24003,B-04,24001,A-04,2,44,116,1,430,3,200,4,420
13,2,7,W2434TSW,KUAS--U,24003,B-04,24001,A-04,2,44,116,1,430,4,200,4,420
13,2,166,W2434TSW,KUAS--O,24003,B-04,24001,A-04,2,44,116,1,810,3,209,81,800
14,2,167,W2434TSW,KUAS--U,24003,B-04,24001,A-04,2,44,116,1,810,4,209,81,800
14,2,157,W2434TSW,KUAS--O,24003,B-04,24001,A-04,2,44,116,1,1606,3,208,77,1596
14,2,158,W2434TSW,KUAS--U,24003,B-04,24001,A-04,2,44,116,1,1606,4,208,77,1596
14,2,24,W2434TSW,KUAS--O,24003,B-04,24001,A-04,2,44,116,1,810,3,202,13,800
14,2,25,W2434TSW,KUAS--U,24003,B-04,24001,A-04,2,44,116,1,810,4,202,13,800
15,2,108,W2434TSW,KUAS--O,24003,B-04,24001,A-04,2,44,116,1,2010,3,207,54,2000
15,2,109,W2434TSW,KUAS--U,24003,B-04,24001,A-04,2,44,116,1,2010,4,207,54,2000
15,2,41,W2434TSW,KUAS--O,24003,B-04,24001,A-04,2,44,116,1,1582,3,203,0,1572
16,2,87,W2434TSW,KUAS--U,24003,B-04,24001,A-04,2,44,116,1,1606,4,206,43,1596
16,2,86,W2434TSW,KUAS--O,24003,B-04,24001,A-04,2,44,116,1,1606,3,206,43,1596
16,2,63,W2434TSW,KUAS--O,24003,B-04,24001,A-04,2,44,116,1,1210,3,205,32,1200
16,2,64,W2434TSW,KUAS--U,24003,B-04,24001,A-04,2,44,116,1,1210,4,205,32,1200
17,2,347,W2434TSW,KUAS--O,24003,B-04,24001,A-04,2,44,116,1,3510,3,223,168,3500
18,2,348,W2434TSW,KUAS--U,24003,B-04,24001,A-04,2,44,116,1,3510,4,223,168,3500
19,2,341,W2434TSW,KUAS--O,24003,B-04,24001,A-04,2,44,116,1,3510,3,222,165,3500
20,2,342,W2434TSW,KUAS--U,24003,B-04,24001,A-04,2,44,116,1,3510,4,222,165,3500
21,2,279,W2434TSW,KUAS--O,24003,B-04,24001,A-04,2,44,116,1,3510,3,214,134,3500
22,2,280,W2434TSW,KUAS--U,24003,B-04,24001,A-04,2,44,116,1,3510,4,214,134,3500
23,2,631,W2434TSW,KUACD-V,24002,D-04,24001,C-04,2,44,116,1,1687.6,2,249,0,1677.6
23,2,353,W2434TSW,KUAC--H,24002,E-04,24001,C-04,2,44,116,1,359,1,224,171,349
23,2,354,W2434TSW,KUAC--V,24002,E-04,24001,C-04,2,44,116,1,359,2,224,171,349
24,2,623,W2434TSW,KUASD-V,24002,D-04,24001,C-04,2,44,116,1,2106.3,2,248,0,2096.3
24,2,586,W2434TSW,KUASD-H,24002,D-04,24001,C-04,2,44,116,1,1889.3,1,244,192,1879.3
24,2,587,W2434TSW,KUASD-V,24002,D-04,24001,C-04,2,44,116,1,1889.3,2,244,192,1879.3
25,2,574,W2434TSW,KUASD-H,24002,D-04,24001,C-04,2,44,116,1,2126.3,1,243,191,2116.3
25,2,575,W2434TSW,KUASD-V,24002,D-04,24001,C-04,2,44,116,1,2126.3,2,243,191,2116.3
25,2,530,W2434TSW,KUASD-V,24002,D-04,24001,C-04,2,44,116,1,1687.3,2,238,0,1677.3
26,2,339,W2434TSW,KUAC--H,24002,E-04,24001,C-04,2,44,116,1,1009,1,222,164,999
26,2,340,W2434TSW,KUAC--V,24002,E-04,24001,C-04,2,44,116,1,1009,2,222,164,999
26,2,293,W2434TSW,KUAS--H,24002,E-04,24001,C-04,2,44,116,1,359,1,216,0,349
27,2,562,W2434TSW,KUACD-H,24002,D-04,24001,C-04,2,44,116,1,1991.6,1,242,190,1981.6
27,2,563,W2434TSW,KUACD-V,24002,D-04,24001,C-04,2,44,116,1,1991.6,2,242,190,1981.6
27,2,466,W2434TSW,KIASD-H,24002,D-04,24001,C-04,2,44,116,1,1906.3,1,233,181,1896.3
28,2,467,W2434TSW,KIASD-V,24002,D-04,24001,C-04,2,44,116,1,1906.3,2,233,181,1896.3
28,2,553,W2434TSW,KUASD-H,24002,D-04,24001,C-04,2,44,116,1,2006.3,1,241,189,1996.3
28,2,554,W2434TSW,KUASD-V,24002,D-04,24001,C-04,2,44,116,1,2006.3,2,241,189,1996.3
29,2,630,W2434TSW,KUACD-H,24002,D-04,24001,C-04,2,44,116,1,1687.6,1,249,0,1677.6
29,2,302,W2434TSW,KUAC--V,24002,E-04,24001,C-04,2,44,116,1,359,2,217,145,349
29,2,301,W2434TSW,KUAC--H,24002,E-04,24001,C-04,2,44,116,1,359,1,217,145,349
30,2,546,W2434TSW,KUASD-H,24002,D-04,24001,C-04,2,44,116,1,2106.3,1,240,188,2096.3
30,2,547,W2434TSW,KUASD-V,24002,D-04,24001,C-04,2,44,116,1,2106.3,2,240,188,2096.3
30,2,444,W2434TSW,KUASD-H,24002,D-04,24001,C-04,2,44,116,1,1631.3,1,231,179,1621.3
31,2,445,W2434TSW,KUASD-V,24002,D-04,24001,C-04,2,44,116,1,1631.3,2,231,179,1621.3
31,2,541,W2434TSW,KIASD-H,24002,D-04,24001,C-04,2,44,116,1,2091.6,1,239,187,2081.6
31,2,542,W2434TSW,KIASD-V,24002,D-04,24001,C-04,2,44,116,1,2091.6,2,239,187,2081.6
32,2,529,W2434TSW,KUASD-H,24002,D-04,24001,C-04,2,44,116,1,1687.3,1,238,0,1677.3
32,2,335,W2434TSW,KUAS--H,24002,E-04,24001,C-04,2,44,116,1,309,1,221,162,299
32,2,336,W2434TSW,KUAS--V,24002,E-04,24001,C-04,2,44,116,1,309,2,221,162,299
33,2,459,W2434TSW,KUASD-H,24002,D-04,24001,C-04,2,44,116,1,2126.3,1,232,180,2116.3
33,2,460,W2434TSW,KUASD-V,24002,D-04,24001,C-04,2,44,116,1,2126.3,2,232,180,2116.3
33,2,363,W2434TSW,KUACD-H,24002,D-04,24001,C-04,2,44,116,1,1591.3,1,225,173,1581.3
34,2,364,W2434TSW,KUACD-V,24002,D-04,24001,C-04,2,44,116,1,1591.3,2,225,173,1581.3
34,2,486,W2434TSW,KUASD-H,24002,D-04,24001,C-04,2,44,116,1,2126.3,1,235,183,2116.3
34,2,487,W2434TSW,KUASD-V,24002,D-04,24001,C-04,2,44,116,1,2126.3,2,235,183,2116.3
35,2,622,W2434TSW,KUASD-H,24002,D-04,24001,C-04,2,44,116,1,2106.3,1,248,0,2096.3
35,2,294,W2434TSW,KUAS--V,24002,E-04,24001,C-04,2,44,116,1,359,2,216,0,349
36,2,503,W2434TSW,KIASD-V,24002,D-04,24001,C-04,2,44,116,1,2111.6,2,236,184,2101.6
36,2,502,W2434TSW,KIASD-H,24002,D-04,24001,C-04,2,44,116,1,2111.6,1,236,184,2101.6
36,2,331,W2434TSW,KUAS--H,24002,E-04,24001,C-04,2,44,116,1,1309,1,220,0,1299
36,2,2,W2434TSW,KUAS--H,24002,E-04,24001,C-04,2,44,116,1,359,1,200,2,349
37,2,3,W2434TSW,KUAS--V,24002,E-04,24001,C-04,2,44,116,1,359,2,200,2,349
37,2,332,W2434TSW,KUAS--V,24002,E-04,24001,C-04,2,44,116,1,1309,2,220,0,1299
37,2,476,W2434TSW,KUACD-V,24002,D-04,24001,C-04,2,44,116,1,2111.6,2,234,182,2101.6
37,2,475,W2434TSW,KUACD-H,24002,D-04,24001,C-04,2,44,116,1,2111.6,1,234,182,2101.6
38,2,325,W2434TSW,KUAC--H,24002,E-04,24001,C-04,2,44,116,1,597,1,219,157,587
38,2,326,W2434TSW,KUAC--V,24002,E-04,24001,C-04,2,44,116,1,597,2,219,157,587
38,2,313,W2434TSW,KUAS--H,24002,E-04,24001,C-04,2,44,116,1,1009,1,218,151,999
39,2,314,W2434TSW,KUAS--V,24002,E-04,24001,C-04,2,44,116,1,1009,2,218,151,999
39,2,616,W2434TSW,KUAC--V,24002,E-04,24001,C-04,2,44,116,1,2209,2,247,200,2199
39,2,615,W2434TSW,KUAC--H,24002,E-04,24001,C-04,2,44,116,1,2209,1,247,200,2199
39,2,16,W2434TSW,KUAC--H,24002,E-04,24001,C-04,2,44,116,1,509,1,201,9,499
40,2,17,W2434TSW,KUAC--V,24002,E-04,24001,C-04,2,44,116,1,509,2,201,9,499
40,2,429,W2434TSW,KIASD-H,24002,D-04,24001,C-04,2,44,116,1,1991.6,1,230,178,1981.6
40,2,430,W2434TSW,KIASD-V,24002,D-04,24001,C-04,2,44,116,1,1991.6,2,230,178,1981.6
40,2,285,W2434TSW,KUAS--H,24002,E-04,24001,C-04,2,44,116,1,1009,1,215,137,999
41,2,286,W2434TSW,KUAS--V,24002,E-04,24001,C-04,2,44,116,1,1009,2,215,137,999
41,2,414,W2434TSW,KIASD-H,24002,D-04,24001,C-04,2,44,116,1,2126.3,1,229,177,2116.3
41,2,415,W2434TSW,KIASD-V,24002,D-04,24001,C-04,2,44,116,1,2126.3,2,229,177,2116.3
42,2,400,W2434TSW,KUASD-H,24002,D-04,24001,C-04,2,44,116,1,2126.3,1,228,176,2116.3
42,2,401,W2434TSW,KUASD-V,24002,D-04,24001,C-04,2,44,116,1,2126.3,2,228,176,2116.3
42,2,252,W2434TSW,KUAC--H,24002,E-04,24001,C-04,2,44,116,1,1509,1,213,121,1499
43,2,253,W2434TSW,KUAC--V,24002,E-04,24001,C-04,2,44,116,1,1509,2,213,121,1499
43,2,387,W2434TSW,KUASD-H,24002,D-04,24001,C-04,2,44,116,1,2126.3,1,227,175,2116.3
43,2,388,W2434TSW,KUASD-V,24002,D-04,24001,C-04,2,44,116,1,2126.3,2,227,175,2116.3
44,2,274,W2434TSW,KUAC--H,24002,E-04,24001,C-04,2,44,116,1,1009,1,214,132,999
44,2,275,W2434TSW,KUAC--V,24002,E-04,24001,C-04,2,44,116,1,1009,2,214,132,999
44,2,183,W2434TSW,KUAS--H,24002,E-04,24001,C-04,2,44,116,1,1299,1,210,89,1289
44,2,184,W2434TSW,KUAS--V,24002,E-04,24001,C-04,2,44,116,1,1299,2,210,89,1289
44,2,207,W2434TSW,KUAS--H,24002,E-04,24001,C-04,2,44,116,1,1149,1,211,100,1139
45,2,208,W2434TSW,KUAS--V,24002,E-04,24001,C-04,2,44,116,1,1149,2,211,100,1139
45,2,170,W2434TSW,KUAC--H,24002,E-04,24001,C-04,2,44,116,1,2309,1,209,0,2299
45,2,154,W2434TSW,KUAS--H,24002,E-04,24001,C-04,2,44,116,1,1144,1,208,76,1134
45,2,155,W2434TSW,KUAS--V,24002,E-04,24001,C-04,2,44,116,1,1144,2,208,76,1134
46,2,112,W2434TSW,KUAS--H,24002,E-04,24001,C-04,2,44,116,1,2109,1,207,56,2099
46,2,113,W2434TSW,KUAS--V,24002,E-04,24001,C-04,2,44,116,1,2109,2,207,56,2099
46,2,49,W2434TSW,KUAS--H,24002,E-04,24001,C-04,2,44,116,1,1009,1,204,0,999
47,2,82,W2434TSW,KUAS--V,24002,E-04,24001,C-04,2,44,116,1,1009,2,206,41,999
47,2,81,W2434TSW,KUAS--H,24002,E-04,24001,C-04,2,44,116,1,1009,1,206,41,999
47,2,60,W2434TSW,KUAC--V,24002,E-04,24001,C-04,2,44,116,1,1009,2,205,30,999
47,2,59,W2434TSW,KUAC--H,24002,E-04,24001,C-04,2,44,116,1,1009,1,205,30,999
47,2,29,W2434TSW,KUAS--V,24002,E-04,24001,C-04,2,44,116,1,1609,2,202,15,1599
48,2,28,W2434TSW,KUAS--H,24002,E-04,24001,C-04,2,44,116,1,1609,1,202,15,1599
48,2,50,W2434TSW,KUAS--V,24002,E-04,24001,C-04,2,44,116,1,1009,2,204,0,999
48,2,38,W2434TSW,KUAC--H,24002,E-04,24001,C-04,2,44,116,1,1609,1,203,20,1599
48,2,39,W2434TSW,KUAC--V,24002,E-04,24001,C-04,2,44,116,1,1609,2,203,20,1599
49,2,610,W2434TSW,KUAS--V,24002,E-04,24001,C-04,2,44,116,1,2209,2,246,198,2199
49,2,609,W2434TSW,KUAS--H,24002,E-04,24001,C-04,2,44,116,1,2209,1,246,198,2199
50,2,600,W2434TSW,KUACD-V,24002,D-04,24001,C-04,2,44,116,1,2291.6,2,245,193,2281.6
50,2,599,W2434TSW,KUACD-H,24002,D-04,24001,C-04,2,44,116,1,2291.6,1,245,193,2281.6
51,2,519,W2434TSW,KIASD-V,24002,D-04,24001,C-04,2,44,116,1,2291.6,2,237,185,2281.6
51,2,518,W2434TSW,KIASD-H,24002,D-04,24001,C-04,2,44,116,1,2291.6,1,237,185,2281.6
52,2,373,W2434TSW,KIASD-V,24002,D-04,24001,C-04,2,44,116,1,2291.6,2,226,174,2281.6
52,2,372,W2434TSW,KIASD-H,24002,D-04,24001,C-04,2,44,116,1,2291.6,1,226,174,2281.6
53,2,344,W2434TSW,KUAS--V,24002,E-04,24001,C-04,2,44,116,1,2309,2,223,166,2299
53,2,343,W2434TSW,KUAS--H,24002,E-04,24001,C-04,2,44,116,1,2309,1,223,166,2299
54,2,232,W2434TSW,KUAC--V,24002,E-04,24001,C-04,2,44,116,1,2309,2,212,111,2299
54,2,231,W2434TSW,KUAC--H,24002,E-04,24001,C-04,2,44,116,1,2309,1,212,111,2299
55,2,171,W2434TSW,KUAC--V,24002,E-04,24001,C-04,2,44,116,1,2309,2,209,0,2299
56,3,620,W2434TSW,VU-S--H,24007,C-03,24006,A-03,3,53,70,4,2065,1,248,202,2055
56,3,621,W2434TSW,VU-S--V,24007,C-03,24006,A-03,3,53,70,4,2065,2,248,202,2055
56,3,290,W2434TSW,VU-ST-H,24007,C-03,24006,A-03,3,53,70,4,296,1,216,0,286
56,3,618,W2434TSW,VU-S--U,24007,I-03,24006,H-03,3,53,70,4,844,4,248,0,834
56,3,606,W2434TSW,VU-ST-V,24007,C-03,24006,A-03,3,53,70,4,698,2,246,196,688
57,3,605,W2434TSW,VU-ST-H,24007,C-03,24006,A-03,3,53,70,4,698,1,246,196,688
57,3,617,W2434TSW,VU-S--O,24007,I-03,24006,H-03,3,53,70,4,844,3,248,0,834
57,3,628,W2434TSW,VU-C--H,24007,C-03,24006,A-03,3,53,70,4,1646,1,249,205,1636
57,3,629,W2434TSW,VU-C--V,24007,C-03,24006,A-03,3,53,70,4,1646,2,249,205,1636
57,3,624,W2434TSW,VU-C--O,24007,E-03,24006,D-03,3,53,70,4,544,3,249,204,534
57,3,625,W2434TSW,VU-C--U,24007,E-03,24006,D-03,3,53,70,4,544,4,249,204,534
58,3,305,W2434TSW,VU-S--H,24007,C-03,24006,A-03,3,53,70,4,946,1,218,147,936
58,3,307,W2434TSW,VU-S--V,24007,C-03,24006,A-03,3,53,70,4,946,2,218,147,936
58,3,299,W2434TSW,VU-C--U,24007,E-03,24006,D-03,3,53,70,4,296,4,217,144,286
58,3,298,W2434TSW,VU-C--O,24007,E-03,24006,D-03,3,53,70,4,296,3,217,144,286
58,3,300,W2434TSW,VU-C--V,24007,C-03,24006,A-03,3,53,70,4,296,2,217,143,286
58,3,297,W2434TSW,VU-C--H,24007,C-03,24006,A-03,3,53,70,4,296,1,217,143,286
58,3,292,W2434TSW,VU-ST-V,24007,C-03,24006,A-03,3,53,70,4,296,2,216,0,286
58,3,291,W2434TSW,VU-ST-U,24007,I-03,24006,H-03,3,53,70,4,296,4,216,139,286
58,3,289,W2434TSW,VU-S--O,24007,I-03,24006,H-03,3,53,70,4,296,3,216,139,286
58,3,282,W2434TSW,VU-ST-H,24007,C-03,24006,A-03,3,53,70,4,946,1,215,136,936
58,3,284,W2434TSW,VU-ST-V,24007,C-03,24006,A-03,3,53,70,4,946,2,215,136,936
59,3,601,W2434TSW,VU-S--O,24007,I-03,24006,H-03,3,53,70,4,646,3,246,194,636
59,3,602,W2434TSW,VU-ST-U,24007,I-03,24006,H-03,3,53,70,4,646,4,246,194,636
59,3,352,W2434TSW,VU-C--V,24007,C-03,24006,A-03,3,53,70,4,296,2,224,170,286
59,3,351,W2434TSW,VU-C--H,24007,C-03,24006,A-03,3,53,70,4,296,1,224,170,286
59,3,349,W2434TSW,VU-C--O,24007,E-03,24006,D-03,3,53,70,4,294,3,224,169,284
59,3,350,W2434TSW,VU-C--U,24007,E-03,24006,D-03,3,53,70,4,294,4,224,169,284
59,3,329,W2434TSW,VU-SV-H,24007,C-03,24006,A-03,3,53,70,4,1246,1,220,159,1236
59,3,330,W2434TSW,VU-SV-V,24007,C-03,24006,A-03,3,53,70,4,1246,2,220,159,1236
59,3,312,W2434TSW,VU-S--U,24007,I-03,24006,H-03,3,53,70,4,960,4,218,150,950
60,3,310,W2434TSW,VU-S--O,24007,I-03,24006,H-03,3,53,70,4,960,3,218,150,950
60,3,323,W2434TSW,VU-CV-H,24007,C-03,24006,A-03,3,53,70,4,534,1,219,156,524
60,3,324,W2434TSW,VU-CV-V,24007,C-03,24006,A-03,3,53,70,4,534,2,219,156,524
60,3,311,W2434TSW,VU-S--U,24007,I-03,24006,H-03,3,53,70,4,960,4,218,149,950
60,3,309,W2434TSW,VU-S--O,24007,I-03,24006,H-03,3,53,70,4,960,3,218,149,950
60,3,308,W2434TSW,VU-S--V,24007,C-03,24006,A-03,3,53,70,4,946,2,218,148,936
60,3,306,W2434TSW,VU-S--H,24007,C-03,24006,A-03,3,53,70,4,946,1,218,148,936
61,3,260,W2434TSW,VU-C--O,24007,E-03,24006,D-03,3,53,70,4,842,3,214,126,832
61,3,264,W2434TSW,VU-CT-U,24007,E-03,24006,D-03,3,53,70,4,842,4,214,126,832
61,3,259,W2434TSW,VU-C--O,24007,E-03,24006,D-03,3,53,70,4,842,3,214,125,832
61,3,263,W2434TSW,VU-CT-U,24007,E-03,24006,D-03,3,53,70,4,842,4,214,125,832
61,3,258,W2434TSW,VU-C--O,24007,E-03,24006,D-03,3,53,70,4,842,3,214,124,832
61,3,262,W2434TSW,VU-CT-U,24007,E-03,24006,D-03,3,53,70,4,842,4,214,124,832
61,3,249,W2434TSW,VU-C--V,24007,C-03,24006,A-03,3,53,70,4,908,2,213,119,898
62,3,247,W2434TSW,VU-C--H,24007,C-03,24006,A-03,3,53,70,4,908,1,213,119,898
62,3,248,W2434TSW,VU-C--H,24007,C-03,24006,A-03,3,53,70,4,908,1,213,120,898
62,3,250,W2434TSW,VU-C--V,24007,C-03,24006,A-03,3,53,70,4,908,2,213,120,898
62,3,243,W2434TSW,VU-C--H,24007,C-03,24006,A-03,3,53,70,4,512,1,213,117,502
62,3,245,W2434TSW,VU-C--V,24007,C-03,24006,A-03,3,53,70,4,512,2,213,117,502
62,3,239,W2434TSW,VU-C--U,24007,E-03,24006,D-03,3,53,70,4,472,4,213,114,462
62,3,235,W2434TSW,VU-C--O,24007,E-03,24006,D-03,3,53,70,4,472,3,213,114,462
62,3,237,W2434TSW,VU-C--U,24007,E-03,24006,D-03,3,53,70,4,472,4,213,112,462
62,3,233,W2434TSW,VU-C--O,24007,E-03,24006,D-03,3,53,70,4,472,3,213,112,462
62,3,1,W2434TSW,VU-S--V,24007,C-03,24006,A-03,3,53,70,4,296,2,200,1,286
63,3,0,W2434TSW,VU-S--H,24007,C-03,24006,A-03,3,53,70,4,296,1,200,1,286
63,3,281,W2434TSW,VU-S--O,24007,I-03,24006,H-03,3,53,70,4,946,3,215,135,936
63,3,283,W2434TSW,VU-ST-U,24007,I-03,24006,H-03,3,53,70,4,946,4,215,135,936
63,3,269,W2434TSW,VU-CT-H,24007,C-03,24006,A-03,3,53,70,4,946,1,214,131,936
63,3,273,W2434TSW,VU-CT-V,24007,C-03,24006,A-03,3,53,70,4,946,2,214,131,936
63,3,268,W2434TSW,VU-CT-H,24007,C-03,24006,A-03,3,53,70,4,946,1,214,130,936
63,3,272,W2434TSW,VU-CT-V,24007,C-03,24006,A-03,3,53,70,4,946,2,214,130,936
64,3,267,W2434TSW,VU-CT-H,24007,C-03,24006,A-03,3,53,70,4,946,1,214,129,936
64,3,271,W2434TSW,VU-CT-V,24007,C-03,24006,A-03,3,53,70,4,946,2,214,129,936
64,3,266,W2434TSW,VU-CT-H,24007,C-03,24006,A-03,3,53,70,4,946,1,214,128,936
64,3,270,W2434TSW,VU-CT-V,24007,C-03,24006,A-03,3,53,70,4,946,2,214,128,936
64,3,261,W2434TSW,VU-C--O,24007,E-03,24006,D-03,3,53,70,4,842,3,214,127,832
64,3,265,W2434TSW,VU-CT-U,24007,E-03,24006,D-03,3,53,70,4,842,4,214,127,832
64,3,246,W2434TSW,VU-C--V,24007,C-03,24006,A-03,3,53,70,4,512,2,213,118,502
65,3,244,W2434TSW,VU-C--H,24007,C-03,24006,A-03,3,53,70,4,512,1,213,118,502
65,3,236,W2434TSW,VU-C--O,24007,E-03,24006,D-03,3,53,70,4,472,3,213,115,462
65,3,240,W2434TSW,VU-C--U,24007,E-03,24006,D-03,3,53,70,4,472,4,213,115,462
65,3,234,W2434TSW,VU-C--O,24007,E-03,24006,D-03,3,53,70,4,472,3,213,113,462
65,3,238,W2434TSW,VU-C--U,24007,E-03,24006,D-03,3,53,70,4,472,4,213,113,462
65,3,226,W2434TSW,VU-CT-V,24007,C-03,24006,A-03,3,53,70,4,1313.8,2,212,109,1303.8
65,3,225,W2434TSW,VU-CT-H,24007,C-03,24006,A-03,3,53,70,4,1313.8,1,212,109,1303.8
65,3,219,W2434TSW,VU-CT-V,24007,C-03,24006,A-03,3,53,70,4,906.2,2,212,105,896.2
66,3,217,W2434TSW,VU-CT-H,24007,C-03,24006,A-03,3,53,70,4,906.2,1,212,105,896.2
66,3,223,W2434TSW,VU-C--H,24007,C-03,24006,A-03,3,53,70,4,1313.8,1,212,108,1303.8
66,3,224,W2434TSW,VU-C--V,24007,C-03,24006,A-03,3,53,70,4,1313.8,2,212,108,1303.8
66,3,220,W2434TSW,VU-CT-V,24007,C-03,24006,A-03,3,53,70,4,906.2,2,212,106,896.2
66,3,218,W2434TSW,VU-CT-H,24007,C-03,24006,A-03,3,53,70,4,906.2,1,212,106,896.2
66,3,201,W2434TSW,VU-S--V,24007,C-03,24006,A-03,3,53,70,4,617.8,2,211,97,607.8
67,3,199,W2434TSW,VU-S--H,24007,C-03,24006,A-03,3,53,70,4,617.8,1,211,97,607.8
67,3,200,W2434TSW,VU-S--H,24007,C-03,24006,A-03,3,53,70,4,617.8,1,211,98,607.8
67,3,202,W2434TSW,VU-S--V,24007,C-03,24006,A-03,3,53,70,4,617.8,2,211,98,607.8
67,3,194,W2434TSW,VU-S--H,24007,C-03,24006,A-03,3,53,70,4,442.2,1,211,95,432.2
67,3,196,W2434TSW,VU-S--V,24007,C-03,24006,A-03,3,53,70,4,442.2,2,211,95,432.2
67,3,193,W2434TSW,VU-S--H,24007,C-03,24006,A-03,3,53,70,4,442.2,1,211,94,432.2
67,3,195,W2434TSW,VU-S--V,24007,C-03,24006,A-03,3,53,70,4,442.2,2,211,94,432.2
67,3,188,W2434TSW,VU-S--O,24007,I-03,24006,H-03,3,53,70,4,364,3,211,93,354
67,3,192,W2434TSW,VU-S--U,24007,I-03,24006,H-03,3,53,70,4,364,4,211,93,354
67,3,187,W2434TSW,VU-S--O,24007,I-03,24006,H-03,3,53,70,4,364,3,211,92,354
67,3,191,W2434TSW,VU-S--U,24007,I-03,24006,H-03,3,53,70,4,364,4,211,92,354
67,3,186,W2434TSW,VU-S--O,24007,I-03,24006,H-03,3,53,70,4,364,3,211,91,354
67,3,190,W2434TSW,VU-S--U,24007,I-03,24006,H-03,3,53,70,4,364,4,211,91,354
68,3,212,W2434TSW,VU-C--O,24007,E-03,24006,D-03,3,53,70,4,708,3,212,104,698
68,3,216,W2434TSW,VU-CT-U,24007,E-03,24006,D-03,3,53,70,4,708,4,212,104,698
68,3,211,W2434TSW,VU-C--O,24007,E-03,24006,D-03,3,53,70,4,708,3,212,103,698
68,3,215,W2434TSW,VU-CT-U,24007,E-03,24006,D-03,3,53,70,4,708,4,212,103,698
68,3,210,W2434TSW,VU-C--O,24007,E-03,24006,D-03,3,53,70,4,708,3,212,102,698
68,3,214,W2434TSW,VU-CT-U,24007,E-03,24006,D-03,3,53,70,4,708,4,212,102,698
68,3,209,W2434TSW,VU-C--O,24007,E-03,24006,D-03,3,53,70,4,708,3,212,101,698
68,3,213,W2434TSW,VU-C--U,24007,E-03,24006,D-03,3,53,70,4,708,4,212,101,698
69,3,150,W2434TSW,VU-ST-V,24007,C-03,24006,A-03,3,53,70,4,614.8,2,208,74,604.8
69,3,148,W2434TSW,VU-ST-H,24007,C-03,24006,A-03,3,53,70,4,614.8,1,208,74,604.8
69,3,149,W2434TSW,VU-ST-V,24007,C-03,24006,A-03,3,53,70,4,614.8,2,208,73,604.8
69,3,147,W2434TSW,VU-ST-H,24007,C-03,24006,A-03,3,53,70,4,614.8,1,208,73,604.8
69,3,145,W2434TSW,VU-S--V,24007,C-03,24006,A-03,3,53,70,4,614.8,2,208,71,604.8
69,3,143,W2434TSW,VU-S--H,24007,C-03,24006,A-03,3,53,70,4,614.8,1,208,71,604.8
69,3,135,W2434TSW,VU-S--H,24007,C-03,24006,A-03,3,53,70,4,440.2,1,208,69,430.2
69,3,139,W2434TSW,VU-S--V,24007,C-03,24006,A-03,3,53,70,4,440.2,2,208,69,430.2
69,3,161,W2434TSW,VU-C--U,24007,E-03,24006,D-03,3,53,70,4,744,4,209,0,734
69,3,146,W2434TSW,VU-S--V,24007,C-03,24006,A-03,3,53,70,4,614.8,2,208,72,604.8
70,3,144,W2434TSW,VU-S--H,24007,C-03,24006,A-03,3,53,70,4,614.8,1,208,72,604.8
70,3,159,W2434TSW,VU-C--O,24007,E-03,24006,D-03,3,53,70,4,744,3,209,0,734
70,3,185,W2434TSW,VU-S--O,24007,I-03,24006,H-03,3,53,70,4,364,3,211,90,354
70,3,189,W2434TSW,VU-S--U,24007,I-03,24006,H-03,3,53,70,4,364,4,211,90,354
70,3,181,W2434TSW,VU-S--H,24007,C-03,24006,A-03,3,53,70,4,768,1,210,88,758
70,3,182,W2434TSW,VU-S--V,24007,C-03,24006,A-03,3,53,70,4,768,2,210,88,758
70,3,179,W2434TSW,VU-S--H,24007,C-03,24006,A-03,3,53,70,4,442,1,210,87,432
70,3,180,W2434TSW,VU-S--V,24007,C-03,24006,A-03,3,53,70,4,442,2,210,87,432
70,3,173,W2434TSW,VU-S--O,24007,I-03,24006,H-03,3,53,70,4,364,3,210,85,354
70,3,175,W2434TSW,VU-S--U,24007,I-03,24006,H-03,3,53,70,4,364,4,210,85,354
70,3,172,W2434TSW,VU-S--O,24007,I-03,24006,H-03,3,53,70,4,364,3,210,84,354
70,3,174,W2434TSW,VU-S--U,24007,I-03,24006,H-03,3,53,70,4,364,4,210,84,354
71,3,168,W2434TSW,VU-C--H,24007,C-03,24006,A-03,3,53,70,4,1441.3,1,209,82,1431.3
71,3,169,W2434TSW,VU-C--V,24007,C-03,24006,A-03,3,53,70,4,1441.3,2,209,82,1431.3
71,3,164,W2434TSW,VU-C--H,24007,C-03,24006,A-03,3,53,70,4,778.7,1,209,80,768.7
71,3,165,W2434TSW,VU-C--V,24007,C-03,24006,A-03,3,53,70,4,778.7,2,209,80,768.7
71,3,160,W2434TSW,VU-C--O,24007,E-03,24006,D-03,3,53,70,4,744,3,209,79,734
71,3,162,W2434TSW,VU-C--U,24007,E-03,24006,D-03,3,53,70,4,744,4,209,79,734
72,3,138,W2434TSW,VU-S--V,24007,C-03,24006,A-03,3,53,70,4,440.2,2,208,68,430.2
72,3,134,W2434TSW,VU-S--H,24007,C-03,24006,A-03,3,53,70,4,440.2,1,208,68,430.2
72,3,137,W2434TSW,VU-S--V,24007,C-03,24006,A-03,3,53,70,4,440.2,2,208,67,430.2
72,3,133,W2434TSW,VU-S--H,24007,C-03,24006,A-03,3,53,70,4,440.2,1,208,67,430.2
72,3,136,W2434TSW,VU-S--V,24007,C-03,24006,A-03,3,53,70,4,440.2,2,208,66,430.2
72,3,132,W2434TSW,VU-S--H,24007,C-03,24006,A-03,3,53,70,4,440.2,1,208,66,430.2
72,3,130,W2434TSW,VU-ST-U,24007,I-03,24006,H-03,3,53,70,4,364,4,208,64,354
72,3,122,W2434TSW,VU-S--O,24007,I-03,24006,H-03,3,53,70,4,364,3,208,64,354
72,3,129,W2434TSW,VU-S--U,24007,I-03,24006,H-03,3,53,70,4,364,4,208,63,354
72,3,121,W2434TSW,VU-S--O,24007,I-03,24006,H-03,3,53,70,4,364,3,208,63,354
72,3,128,W2434TSW,VU-S--U,24007,I-03,24006,H-03,3,53,70,4,364,4,208,62,354
72,3,120,W2434TSW,VU-S--O,24007,I-03,24006,H-03,3,53,70,4,364,3,208,62,354
72,3,127,W2434TSW,VU-S--U,24007,I-03,24006,H-03,3,53,70,4,364,4,208,61,354
72,3,119,W2434TSW,VU-S--O,24007,I-03,24006,H-03,3,53,70,4,364,3,208,61,354
72,3,116,W2434TSW,VU-S--O,24007,I-03,24006,H-03,3,53,70,4,364,3,208,58,354
73,3,124,W2434TSW,VU-S--U,24007,I-03,24006,H-03,3,53,70,4,364,4,208,58,354
73,3,131,W2434TSW,VU-ST-U,24007,I-03,24006,H-03,3,53,70,4,364,4,208,65,354
73,3,123,W2434TSW,VU-S--O,24007,I-03,24006,H-03,3,53,70,4,364,3,208,65,354
73,3,126,W2434TSW,VU-S--U,24007,I-03,24006,H-03,3,53,70,4,364,4,208,60,354
73,3,118,W2434TSW,VU-S--O,24007,I-03,24006,H-03,3,53,70,4,364,3,208,60,354
73,3,125,W2434TSW,VU-S--U,24007,I-03,24006,H-03,3,53,70,4,364,4,208,59,354
73,3,117,W2434TSW,VU-S--O,24007,I-03,24006,H-03,3,53,70,4,364,3,208,59,354
73,3,110,W2434TSW,VU-S--H,24007,C-03,24006,A-03,3,53,70,4,2046,1,207,0,2036
73,3,106,W2434TSW,VU-S--V,24007,C-03,24006,A-03,3,53,70,4,1308,2,207,52,1298
74,3,104,W2434TSW,VU-S--H,24007,C-03,24006,A-03,3,53,70,4,1308,1,207,52,1298
74,3,111,W2434TSW,VU-S--V,24007,C-03,24006,A-03,3,53,70,4,2046,2,207,0,2036
74,3,107,W2434TSW,VU-S--V,24007,C-03,24006,A-03,3,53,70,4,1308,2,207,53,1298
74,3,105,W2434TSW,VU-S--H,24007,C-03,24006,A-03,3,53,70,4,1308,1,207,53,1298
75,3,102,W2434TSW,VU-S--O,24007,I-03,24006,H-03,3,53,70,4,944,3,207,51,934
75,3,103,W2434TSW,VU-S--U,24007,I-03,24006,H-03,3,53,70,4,944,4,207,51,934
75,3,99,W2434TSW,VU-S--H,24007,C-03,24006,A-03,3,53,70,4,712,1,207,50,702
75,3,101,W2434TSW,VU-S--V,24007,C-03,24006,A-03,3,53,70,4,712,2,207,50,702
75,3,98,W2434TSW,VU-S--H,24007,C-03,24006,A-03,3,53,70,4,712,1,207,49,702
75,3,100,W2434TSW,VU-S--V,24007,C-03,24006,A-03,3,53,70,4,712,2,207,49,702
75,3,91,W2434TSW,VU-S--O,24007,I-03,24006,H-03,3,53,70,4,472,3,207,47,462
75,3,95,W2434TSW,VU-S--U,24007,I-03,24006,H-03,3,53,70,4,472,4,207,47,462
76,3,80,W2434TSW,VU-S--V,24007,C-03,24006,A-03,3,53,70,4,946,2,206,40,936
76,3,76,W2434TSW,VU-S--H,24007,C-03,24006,A-03,3,53,70,4,946,1,206,40,936
76,3,68,W2434TSW,VU-S--O,24007,I-03,24006,H-03,3,53,70,4,364,3,206,36,354
76,3,72,W2434TSW,VU-S--U,24007,I-03,24006,H-03,3,53,70,4,364,4,206,36,354
76,3,67,W2434TSW,VU-S--O,24007,I-03,24006,H-03,3,53,70,4,364,3,206,35,354
76,3,71,W2434TSW,VU-S--U,24007,I-03,24006,H-03,3,53,70,4,364,4,206,35,354
76,3,66,W2434TSW,VU-S--O,24007,I-03,24006,H-03,3,53,70,4,364,3,206,34,354
76,3,70,W2434TSW,VU-S--U,24007,I-03,24006,H-03,3,53,70,4,364,4,206,34,354
76,3,65,W2434TSW,VU-S--O,24007,I-03,24006,H-03,3,53,70,4,364,3,206,33,354
76,3,69,W2434TSW,VU-S--U,24007,I-03,24006,H-03,3,53,70,4,364,4,206,33,354
76,3,57,W2434TSW,VU-C--V,24007,C-03,24006,A-03,3,53,70,4,946,2,205,28,936
77,3,55,W2434TSW,VU-C--H,24007,C-03,24006,A-03,3,53,70,4,946,1,205,28,936
77,3,90,W2434TSW,VU-S--O,24007,I-03,24006,H-03,3,53,70,4,472,3,207,46,462
77,3,94,W2434TSW,VU-S--U,24007,I-03,24006,H-03,3,53,70,4,472,4,207,46,462
77,3,89,W2434TSW,VU-S--O,24007,I-03,24006,H-03,3,53,70,4,472,3,207,45,462
77,3,93,W2434TSW,VU-S--U,24007,I-03,24006,H-03,3,53,70,4,472,4,207,45,462
77,3,88,W2434TSW,VU-S--O,24007,I-03,24006,H-03,3,53,70,4,472,3,207,44,462
77,3,92,W2434TSW,VU-S--U,24007,I-03,24006,H-03,3,53,70,4,472,4,207,44,462
77,3,58,W2434TSW,VU-C--V,24007,C-03,24006,A-03,3,53,70,4,946,2,205,29,936
77,3,56,W2434TSW,VU-C--H,24007,C-03,24006,A-03,3,53,70,4,946,1,205,29,936
78,3,79,W2434TSW,VU-S--V,24007,C-03,24006,A-03,3,53,70,4,946,2,206,39,936
78,3,75,W2434TSW,VU-S--H,24007,C-03,24006,A-03,3,53,70,4,946,1,206,39,936
78,3,78,W2434TSW,VU-S--V,24007,C-03,24006,A-03,3,53,70,4,946,2,206,38,936
78,3,74,W2434TSW,VU-S--H,24007,C-03,24006,A-03,3,53,70,4,946,1,206,38,936
78,3,73,W2434TSW,VU-S--H,24007,C-03,24006,A-03,3,53,70,4,946,1,206,37,936
78,3,77,W2434TSW,VU-S--V,24007,C-03,24006,A-03,3,53,70,4,946,2,206,37,936
79,3,47,W2434TSW,VU-S--H,24007,C-03,24006,A-03,3,53,70,4,946,1,204,24,936
79,3,48,W2434TSW,VU-S--V,24007,C-03,24006,A-03,3,53,70,4,946,2,204,24,936
79,3,44,W2434TSW,VU-S--U,24007,I-03,24006,H-03,3,53,70,4,444,4,204,22,434
79,3,43,W2434TSW,VU-S--O,24007,I-03,24006,H-03,3,53,70,4,444,3,204,22,434
79,3,34,W2434TSW,VU-C--H,24007,C-03,24006,A-03,3,53,70,4,1546,1,203,18,1536
79,3,36,W2434TSW,VU-C--V,24007,C-03,24006,A-03,3,53,70,4,1546,2,203,18,1536
80,3,52,W2434TSW,VU-C--O,24007,E-03,24006,D-03,3,53,70,4,558,3,205,27,548
80,3,54,W2434TSW,VU-C--U,24007,E-03,24006,D-03,3,53,70,4,558,4,205,27,548
80,3,51,W2434TSW,VU-C--O,24007,E-03,24006,D-03,3,53,70,4,558,3,205,26,548
80,3,53,W2434TSW,VU-C--U,24007,E-03,24006,D-03,3,53,70,4,558,4,205,26,548
80,3,35,W2434TSW,VU-C--H,24007,C-03,24006,A-03,3,53,70,4,1546,1,203,19,1536
80,3,37,W2434TSW,VU-C--V,24007,C-03,24006,A-03,3,53,70,4,1546,2,203,19,1536
80,3,13,W2434TSW,VU-C--H,24007,C-03,24006,A-03,3,53,70,4,446,1,201,8,436
81,3,15,W2434TSW,VU-C--V,24007,C-03,24006,A-03,3,53,70,4,446,2,201,8,436
81,3,30,W2434TSW,VU-C--O,24007,E-03,24006,D-03,3,53,70,4,744,3,203,16,734
81,3,32,W2434TSW,VU-C--U,24007,E-03,24006,D-03,3,53,70,4,744,4,203,16,734
81,3,27,W2434TSW,VU-ST-V,24007,C-03,24006,A-03,3,53,70,4,1546,2,202,14,1536
81,3,26,W2434TSW,VU-ST-H,24007,C-03,24006,A-03,3,53,70,4,1546,1,202,14,1536
81,3,22,W2434TSW,VU-S--O,24007,I-03,24006,H-03,3,53,70,4,744,3,202,12,734
82,3,23,W2434TSW,VU-ST-U,24007,I-03,24006,H-03,3,53,70,4,744,4,202,12,734
82,3,31,W2434TSW,VU-C--O,24007,E-03,24006,D-03,3,53,70,4,744,3,203,17,734
82,3,33,W2434TSW,VU-C--U,24007,E-03,24006,D-03,3,53,70,4,744,4,203,17,734
82,3,12,W2434TSW,VU-C--H,24007,C-03,24006,A-03,3,53,70,4,446,1,201,7,436
82,3,14,W2434TSW,VU-C--V,24007,C-03,24006,A-03,3,53,70,4,446,2,201,7,436
82,3,9,W2434TSW,VU-C--O,24007,E-03,24006,D-03,3,53,70,4,364,3,201,6,354
82,3,11,W2434TSW,VU-C--U,24007,E-03,24006,D-03,3,53,70,4,364,4,201,6,354
82,3,8,W2434TSW,VU-C--O,24007,E-03,24006,D-03,3,53,70,4,364,3,201,5,354
82,3,10,W2434TSW,VU-C--U,24007,E-03,24006,D-03,3,53,70,4,364,4,201,5,354
82,3,4,W2434TSW,VU-S--O,24007,I-03,24006,H-03,3,53,70,4,364,3,200,3,354
82,3,5,W2434TSW,VU-S--U,24007,I-03,24006,H-03,3,53,70,4,364,4,200,3,354
83,3,327,W2434TSW,VU-SV-O,24010,K-03,24004,J-03,3,53,70,4,1236,3,220,158,1226
83,3,328,W2434TSW,VU-SV-U,24010,K-03,24004,J-03,3,53,70,4,1236,4,220,158,1226
83,3,319,W2434TSW,VU-CV-O,24010,G-03,24004,F-03,3,53,70,4,286,3,219,154,276
83,3,320,W2434TSW,VU-CV-U,24010,G-03,24004,F-03,3,53,70,4,286,4,219,154,276
84,4,592,W2434TSW,SU-C--L,24010,M-03,24008,L-03,4,60,70,7,958,5,245,0,948
84,4,581,W2434TSW,SU-S--L,24010,O-03,24008,N-03,4,60,70,7,757,5,244,0,747
84,4,568,W2434TSW,SU-S--L,24010,O-03,24008,N-03,4,60,70,7,875.5,5,243,0,865.5
84,4,453,W2434TSW,SU-S--L,24010,O-03,24008,N-03,4,60,70,7,1126.6,5,232,0,1116.6
84,4,438,W2434TSW,SU-S--L,24010,O-03,24008,N-03,4,60,70,7,1190,5,231,0,1180
84,4,431,W2434TSW,SU-S--L,24010,O-03,24008,N-03,4,60,70,7,250,5,231,0,250
85,4,449,W2434TSW,SU-S--L,24010,O-03,24008,N-03,4,60,70,7,732.4,5,232,0,722.4
86,4,559,W2434TSW,UU-C--N,24012,R-04,24011,P-04,4,60,72,6,268,6,242,217,258
86,4,551,W2434TSW,UU-S--N,24012,R-04,24011,P-04,4,60,72,6,268,6,241,217,258
87,5,227,W2434TSW,RUBC--L,24012,O-04,24011,N-04,5,60,105,8,1335.9,5,212,0,1325.9
88,6,203,W2434TSW,RUAS--L,24012,M-04,24011,L-04,6,60,116,8,639.9,5,211,207,629.9
88,6,153,W2434TSW,RUAS--L,24012,M-04,24011,L-04,6,60,116,8,639.9,5,208,207,626.9
89,6,85,W2434TSW,RUAS--L,24012,M-04,24011,L-04,6,60,116,8,968.1,5,206,0,958.1
90,6,40,W2434TSW,RUAC--L,24012,M-04,24011,L-04,6,60,116,8,1568.1,5,203,0,1558.1
91,8,612,W2434TSW,TU-C--Q,24012,R-04,24011,P-04,8,104,72,5,668,8,247,0,658
91,8,611,W2434TSW,TU-C--P,24012,R-04,24011,P-04,8,104,72,5,654,7,247,0,644
91,8,556,W2434TSW,TU-C--N,24012,R-04,24011,P-04,8,104,72,5,268,6,242,0,258
91,8,557,W2434TSW,TU-C--O,24012,R-04,24011,P-04,8,104,72,5,268,3,242,0,258
91,8,558,W2434TSW,TU-C--Q,24012,R-04,24011,P-04,8,104,72,5,268,8,242,0,258
91,8,555,W2434TSW,TU-C--P,24012,R-04,24011,P-04,8,104,72,5,250,7,242,0,250
91,8,548,W2434TSW,TU-S--N,24012,R-04,24011,P-04,8,104,72,5,268,6,241,0,258
91,8,549,W2434TSW,TU-S--O,24012,R-04,24011,P-04,8,104,72,5,268,3,241,0,258
91,8,550,W2434TSW,TU-S--U,24012,R-04,24011,P-04,8,104,72,5,268,4,241,0,258
91,8,543,W2434TSW,TU-S--O,24012,R-04,24011,P-04,8,104,72,5,668,3,240,0,658
91,8,544,W2434TSW,TU-S--U,24012,R-04,24011,P-04,8,104,72,5,668,4,240,0,658
91,8,390,W2434TSW,TU-S--N,24012,R-04,24011,P-04,8,104,72,5,268,6,228,0,258
91,8,391,W2434TSW,TU-S--O,24012,R-04,24011,P-04,8,104,72,5,268,3,228,0,258
91,8,392,W2434TSW,TU-S--Q,24012,R-04,24011,P-04,8,104,72,5,268,8,228,0,258
91,8,389,W2434TSW,TU-S--P,24012,R-04,24011,P-04,8,104,72,5,250,7,228,0,250
92,5,241,W2434TSW,PUBC--N,24005,G-04,24004,F-04,5,60,105,2,495,6,213,116,485
92,5,242,W2434TSW,PUBC--N,24005,G-04,24004,F-04,5,60,105,2,495,6,213,116,485
92,5,251,W2434TSW,PUBC--N,24005,G-04,24004,F-04,5,60,105,2,967,6,213,0,957
92,5,163,W2434TSW,PUBC--N,24005,G-04,24004,F-04,5,60,105,2,767,6,209,0,757
93,5,221,W2434TSW,PUBC--L,24005,H-04,24004,I-04,5,60,105,2,928.3,5,212,107,918.3
93,5,222,W2434TSW,PUBC--L,24005,H-04,24004,I-04,5,60,105,2,928.3,5,212,107,918.3
93,5,228,W2434TSW,PUBS--N,24005,G-04,24004,F-04,5,60,105,2,1467,6,212,0,1457
94,6,278,W2434TSW,PUAC--L,24005,H-04,24004,I-04,6,60,116,2,968.1,5,214,0,958.1
95,6,603,W2434TSW,PUAS--N,24005,J-04,24004,I-04,6,60,116,2,667,6,246,195,657
95,6,604,W2434TSW,PUAS--N,24005,J-04,24004,I-04,6,60,116,2,667,6,246,195,657
95,6,345,W2434TSW,PUAS--L,24005,H-04,24004,I-04,6,60,116,2,2268.1,5,223,0,2258.1
95,6,204,W2434TSW,PUAS--N,24005,J-04,24004,I-04,6,60,116,2,779,6,211,0,769
96,6,315,W2434TSW,PUAS--L,24005,H-04,24004,I-04,6,60,116,2,968.1,5,218,152,958.1
96,6,316,W2434TSW,PUAS--L,24005,H-04,24004,I-04,6,60,116,2,968.1,5,218,152,958.1
96,6,276,W2434TSW,PUAC--L,24005,H-04,24004,I-04,6,60,116,2,968.1,5,214,133,958.1
96,6,277,W2434TSW,PUAC--L,24005,H-04,24004,I-04,6,60,116,2,968.1,5,214,133,958.1
96,6,176,W2434TSW,PUAS--N,24005,J-04,24004,I-04,6,60,116,2,387,6,210,0,377
96,6,142,W2434TSW,PUAS--L,24005,H-04,24004,I-04,6,60,116,2,462.3,5,208,0,452.3
96,6,197,W2434TSW,PUAS--L,24005,H-04,24004,I-04,6,60,116,2,464.3,5,211,0,454.3
96,6,151,W2434TSW,PUAS--L,24005,H-04,24004,I-04,6,60,116,2,636.9,5,208,75,626.9
97,6,152,W2434TSW,PUAS--L,24005,H-04,24004,I-04,6,60,116,2,636.9,5,208,75,626.9
97,6,198,W2434TSW,PUAS--L,24005,H-04,24004,I-04,6,60,116,2,464.3,5,211,0,454.3
97,6,254,W2434TSW,PUAC--L,24005,H-04,24004,I-04,6,60,116,2,1468.1,5,213,122,1458.1
97,6,255,W2434TSW,PUAC--L,24005,H-04,24004,I-04,6,60,116,2,1468.1,5,213,122,1458.1
97,6,141,W2434TSW,PUAS--L,24005,H-04,24004,I-04,6,60,116,2,462.3,5,208,70,452.3
97,6,140,W2434TSW,PUAS--L,24005,H-04,24004,I-04,6,60,116,2,462.3,5,208,70,452.3
97,6,83,W2434TSW,PUAS--L,24005,H-04,24004,I-04,6,60,116,2,968.1,5,206,42,958.1
98,6,84,W2434TSW,PUAS--L,24005,H-04,24004,I-04,6,60,116,2,968.1,5,206,42,958.1
98,6,115,W2434TSW,PUAS--L,24005,H-04,24004,I-04,6,60,116,2,2068.1,5,207,57,2058.1
98,6,114,W2434TSW,PUAS--L,24005,H-04,24004,I-04,6,60,116,2,2068.1,5,207,57,2058.1
98,6,96,W2434TSW,PUAS--N,24005,J-04,24004,I-04,6,60,116,2,495,6,207,48,485
99,6,97,W2434TSW,PUAS--N,24005,J-04,24004,I-04,6,60,116,2,495,6,207,48,485
99,6,346,W2434TSW,PUAS--L,24005,H-04,24004,I-04,6,60,116,2,2268.1,5,223,0,2258.1
99,6,61,W2434TSW,PUAC--L,24005,H-04,24004,I-04,6,60,116,2,968.1,5,205,31,958.1
99,6,62,W2434TSW,PUAC--L,24005,H-04,24004,I-04,6,60,116,2,968.1,5,205,31,958.1
99,6,18,W2434TSW,PUAC--L,24005,H-04,24004,I-04,6,60,116,2,468.1,5,201,10,458.1
99,6,19,W2434TSW,PUAC--L,24005,H-04,24004,I-04,6,60,116,2,468.1,5,201,10,458.1
100,6,156,W2434TSW,PUAS--N,24005,J-04,24004,I-04,6,60,116,2,1563,6,208,0,1553
101,6,416,W2434TSW,PIASD-L,24002,D-04,24004,I-04,6,60,116,2,2106.3,5,229,211,2096.3
101,6,402,W2434TSW,PUASD-L,24002,D-04,24004,I-04,6,60,116,2,2106.3,5,228,211,2096.3
102,8,595,W2434TSW,DU-C--H,24009,T-03,24008,S-03,8,104,70,3,1128,1,245,0,1118
102,8,596,W2434TSW,DU-C--H,24009,T-03,24008,S-03,8,104,70,3,1128,1,245,0,1118
102,8,597,W2434TSW,DU-C--V,24009,T-03,24008,S-03,8,104,70,3,1128,2,245,0,1118
102,8,598,W2434TSW,DU-C--V,24009,T-03,24008,S-03,8,104,70,3,1128,2,245,0,1118
102,8,588,W2434TSW,DU-C--O,24009,P-03,24008,L-03,8,104,70,3,868,3,245,0,858
102,8,576,W2434TSW,DU-S--O,24009,R-03,24008,N-03,8,104,70,3,368,3,244,0,358
103,8,589,W2434TSW,DU-C--O,24009,P-03,24008,L-03,8,104,70,3,868,3,245,0,858
103,8,590,W2434TSW,DU-C--U,24009,P-03,24008,L-03,8,104,70,3,868,4,245,0,858
103,8,591,W2434TSW,DU-C--U,24009,P-03,24008,L-03,8,104,70,3,868,4,245,0,858
103,8,582,W2434TSW,DU-S--H,24009,T-03,24008,S-03,8,104,70,3,927,1,244,0,917
103,8,583,W2434TSW,DU-S--H,24009,T-03,24008,S-03,8,104,70,3,927,1,244,0,917
103,8,584,W2434TSW,DU-S--V,24009,T-03,24008,S-03,8,104,70,3,927,2,244,0,917
103,8,577,W2434TSW,DU-S--O,24009,R-03,24008,N-03,8,104,70,3,368,3,244,0,358
104,8,585,W2434TSW,DU-S--V,24009,T-03,24008,S-03,8,104,70,3,927,2,244,0,917
104,8,578,W2434TSW,DU-S--U,24009,R-03,24008,N-03,8,104,70,3,368,4,244,0,358
104,8,579,W2434TSW,DU-S--U,24009,R-03,24008,N-03,8,104,70,3,368,4,244,0,358
104,8,570,W2434TSW,DU-S--H,24009,T-03,24008,S-03,8,104,70,3,1045.5,1,243,0,1035.5
104,8,571,W2434TSW,DU-S--H,24009,T-03,24008,S-03,8,104,70,3,1045.5,1,243,0,1035.5
104,8,572,W2434TSW,DU-S--V,24009,T-03,24008,S-03,8,104,70,3,1045.5,2,243,0,1035.5
104,8,573,W2434TSW,DU-S--V,24009,T-03,24008,S-03,8,104,70,3,1045.5,2,243,0,1035.5
105,8,564,W2434TSW,DU-S--O,24009,R-03,24008,N-03,8,104,70,3,718,3,243,0,708
105,8,565,W2434TSW,DU-S--O,24009,R-03,24008,N-03,8,104,70,3,718,3,243,0,708
105,8,566,W2434TSW,DU-S--U,24009,R-03,24008,N-03,8,104,70,3,718,4,243,0,708
105,8,567,W2434TSW,DU-S--U,24009,R-03,24008,N-03,8,104,70,3,718,4,243,0,708
105,8,537,W2434TSW,DI-C--H,24009,V-03,24008,U-03,8,104,70,3,2050,1,239,0,2040
105,8,533,W2434TSW,DI-C--O,24009,P-03,24008,L-03,8,104,70,3,798.5,3,239,0,788.5
106,8,538,W2434TSW,DI-C--H,24009,V-03,24008,U-03,8,104,70,3,2050,1,239,0,2040
106,8,539,W2434TSW,DI-C--V,24009,V-03,24008,U-03,8,104,70,3,2050,2,239,0,2040
106,8,525,W2434TSW,DU-S--H,24009,T-03,24008,S-03,8,104,70,3,1646,1,238,0,1636
107,8,540,W2434TSW,DI-C--V,24009,V-03,24008,U-03,8,104,70,3,2050,2,239,0,2040
107,8,534,W2434TSW,DI-C--U,24009,P-03,24008,L-03,8,104,70,3,798.5,4,239,0,788.5
107,8,531,W2434TSW,DI-C--O,24009,P-03,24008,L-03,8,104,70,3,298.5,3,239,0,288.5
107,8,532,W2434TSW,DI-C--U,24009,P-03,24008,L-03,8,104,70,3,298.5,4,239,0,288.5
107,8,526,W2434TSW,DU-S--H,24009,T-03,24008,S-03,8,104,70,3,1646,1,238,0,1636
107,8,522,W2434TSW,DU-S--O,24009,R-03,24008,N-03,8,104,70,3,373.5,3,238,0,363.5
107,8,523,W2434TSW,DU-S--U,24009,R-03,24008,N-03,8,104,70,3,373.5,4,238,0,363.5
108,8,527,W2434TSW,DU-S--V,24009,T-03,24008,S-03,8,104,70,3,1646,2,238,0,1636
108,8,528,W2434TSW,DU-S--V,24009,T-03,24008,S-03,8,104,70,3,1646,2,238,0,1636
108,8,520,W2434TSW,DU-S--O,24009,R-03,24008,N-03,8,104,70,3,250,3,238,0,250
108,8,514,W2434TSW,DI-C--H,24009,V-03,24008,U-03,8,104,70,3,2250,1,237,0,2240
109,8,521,W2434TSW,DU-S--U,24009,R-03,24008,N-03,8,104,70,3,250,4,238,0,250
109,8,515,W2434TSW,DI-C--H,24009,V-03,24008,U-03,8,104,70,3,2250,1,237,0,2240
109,8,516,W2434TSW,DI-C--V,24009,V-03,24008,U-03,8,104,70,3,2250,2,237,0,2240
109,8,508,W2434TSW,DI-C--N,24009,P-03,24008,L-03,8,104,70,3,865.2,6,237,0,855.2
109,8,504,W2434TSW,DI-C--N,24009,P-03,24008,L-03,8,104,70,3,331.8,6,237,0,321.8
110,8,517,W2434TSW,DI-C--V,24009,V-03,24008,U-03,8,104,70,3,2250,2,237,0,2240
110,8,509,W2434TSW,DI-C--O,24009,P-03,24008,L-03,8,104,70,3,865.2,3,237,0,855.2
110,8,510,W2434TSW,DI-C--P,24009,P-03,24008,L-03,8,104,70,3,865.2,7,237,0,855.2
110,8,511,W2434TSW,DI-C--Q,24009,P-03,24008,L-03,8,104,70,3,865.2,8,237,0,855.2
110,8,505,W2434TSW,DI-C--O,24009,P-03,24008,L-03,8,104,70,3,331.8,3,237,0,321.8
110,8,506,W2434TSW,DI-C--P,24009,P-03,24008,L-03,8,104,70,3,331.8,7,237,0,321.8
110,8,507,W2434TSW,DI-C--Q,24009,P-03,24008,L-03,8,104,70,3,331.8,8,237,0,321.8
111,8,498,W2434TSW,DI-S--H,24009,V-03,24008,U-03,8,104,70,3,2070,1,236,0,2060
111,8,499,W2434TSW,DI-S--H,24009,V-03,24008,U-03,8,104,70,3,2070,1,236,0,2060
111,8,488,W2434TSW,DI-S--N,24009,R-03,24008,N-03,8,104,70,3,598.5,6,236,0,588.5
111,8,489,W2434TSW,DI-S--N,24009,R-03,24008,N-03,8,104,70,3,598.5,6,236,0,588.5
111,8,490,W2434TSW,DI-S--O,24009,R-03,24008,N-03,8,104,70,3,598.5,3,236,0,588.5
112,8,500,W2434TSW,DI-S--V,24009,V-03,24008,U-03,8,104,70,3,2070,2,236,0,2060
112,8,501,W2434TSW,DI-S--V,24009,V-03,24008,U-03,8,104,70,3,2070,2,236,0,2060
112,8,491,W2434TSW,DI-S--O,24009,R-03,24008,N-03,8,104,70,3,598.5,3,236,0,588.5
112,8,492,W2434TSW,DI-S--P,24009,R-03,24008,N-03,8,104,70,3,598.5,7,236,0,588.5
112,8,493,W2434TSW,DI-S--P,24009,R-03,24008,N-03,8,104,70,3,598.5,7,236,0,588.5
113,8,494,W2434TSW,DI-S--Q,24009,R-03,24008,N-03,8,104,70,3,598.5,8,236,0,588.5
113,8,495,W2434TSW,DI-S--Q,24009,R-03,24008,N-03,8,104,70,3,598.5,8,236,0,588.5
113,8,482,W2434TSW,DU-S--H,24009,T-03,24008,S-03,8,104,70,3,2085,1,235,0,2075
113,8,483,W2434TSW,DU-S--H,24009,T-03,24008,S-03,8,104,70,3,2085,1,235,0,2075
113,8,461,W2434TSW,DI-C--O,24009,P-03,24008,L-03,8,104,70,3,568,3,233,0,558
114,8,484,W2434TSW,DU-S--V,24009,T-03,24008,S-03,8,104,70,3,2085,2,235,0,2075
114,8,485,W2434TSW,DU-S--V,24009,T-03,24008,S-03,8,104,70,3,2085,2,235,0,2075
114,8,477,W2434TSW,DU-S--O,24009,R-03,24008,N-03,8,104,70,3,798.5,3,235,0,788.5
114,8,478,W2434TSW,DU-S--O,24009,R-03,24008,N-03,8,104,70,3,798.5,3,235,0,788.5
115,8,479,W2434TSW,DU-S--U,24009,R-03,24008,N-03,8,104,70,3,798.5,4,235,0,788.5
115,8,480,W2434TSW,DU-S--U,24009,R-03,24008,N-03,8,104,70,3,798.5,4,235,0,788.5
115,8,473,W2434TSW,DU-C--H,24009,T-03,24008,S-03,8,104,70,3,2070,1,234,0,2060
115,8,474,W2434TSW,DU-C--V,24009,T-03,24008,S-03,8,104,70,3,2070,2,234,0,2060
116,8,468,W2434TSW,DU-C--N,24009,P-03,24008,L-03,8,104,70,3,718,6,234,0,708
116,8,469,W2434TSW,DU-C--O,24009,P-03,24008,L-03,8,104,70,3,718,3,234,0,708
116,8,470,W2434TSW,DU-C--U,24009,P-03,24008,L-03,8,104,70,3,718,4,234,0,708
116,8,464,W2434TSW,DI-C--H,24009,V-03,24008,U-03,8,104,70,3,1865,1,233,0,1855
116,8,465,W2434TSW,DI-C--V,24009,V-03,24008,U-03,8,104,70,3,1865,2,233,0,1855
117,8,462,W2434TSW,DI-C--U,24009,P-03,24008,L-03,8,104,70,3,568,4,233,0,558
117,8,455,W2434TSW,DU-S--H,24009,T-03,24008,S-03,8,104,70,3,2085,1,232,0,2075
117,8,456,W2434TSW,DU-S--H,24009,T-03,24008,S-03,8,104,70,3,2085,1,232,0,2075
117,8,452,W2434TSW,DU-S--U,24009,R-03,24008,N-03,8,104,70,3,765.2,4,232,0,755.2
117,8,446,W2434TSW,DU-S--N,24009,R-03,24008,N-03,8,104,70,3,281.8,6,232,0,271.8
118,8,457,W2434TSW,DU-S--V,24009,T-03,24008,S-03,8,104,70,3,2085,2,232,0,2075
118,8,458,W2434TSW,DU-S--V,24009,T-03,24008,S-03,8,104,70,3,2085,2,232,0,2075
118,8,450,W2434TSW,DU-S--N,24009,R-03,24008,N-03,8,104,70,3,765.2,6,232,0,755.2
118,8,451,W2434TSW,DU-S--O,24009,R-03,24008,N-03,8,104,70,3,765.2,3,232,0,755.2
118,8,417,W2434TSW,DI-C--O,24009,P-03,24008,L-03,8,104,70,3,250,3,230,0,250
119,8,447,W2434TSW,DU-S--O,24009,R-03,24008,N-03,8,104,70,3,281.8,3,232,0,271.8
119,8,448,W2434TSW,DU-S--U,24009,R-03,24008,N-03,8,104,70,3,281.8,4,232,0,271.8
119,8,440,W2434TSW,DU-S--H,24009,T-03,24008,S-03,8,104,70,3,1590,1,231,0,1580
119,8,441,W2434TSW,DU-S--H,24009,T-03,24008,S-03,8,104,70,3,1590,1,231,0,1580
119,8,442,W2434TSW,DU-S--V,24009,T-03,24008,S-03,8,104,70,3,1590,2,231,0,1580
119,8,432,W2434TSW,DU-S--N,24009,R-03,24008,N-03,8,104,70,3,281.8,6,231,0,271.8
119,8,433,W2434TSW,DU-S--O,24009,R-03,24008,N-03,8,104,70,3,281.8,3,231,0,271.8
120,8,443,W2434TSW,DU-S--V,24009,T-03,24008,S-03,8,104,70,3,1590,2,231,0,1580
120,8,435,W2434TSW,DU-S--N,24009,R-03,24008,N-03,8,104,70,3,765.2,6,231,0,755.2
120,8,436,W2434TSW,DU-S--O,24009,R-03,24008,N-03,8,104,70,3,765.2,3,231,0,755.2
120,8,437,W2434TSW,DU-S--U,24009,R-03,24008,N-03,8,104,70,3,765.2,4,231,0,755.2
120,8,425,W2434TSW,DI-C--H,24009,V-03,24008,U-03,8,104,70,3,1950,1,230,0,1940
121,8,434,W2434TSW,DU-S--U,24009,R-03,24008,N-03,8,104,70,3,281.8,4,231,0,271.8
121,8,426,W2434TSW,DI-C--H,24009,V-03,24008,U-03,8,104,70,3,1950,1,230,0,1940
121,8,427,W2434TSW,DI-C--V,24009,V-03,24008,U-03,8,104,70,3,1950,2,230,0,1940
121,8,420,W2434TSW,DI-C--O,24009,P-03,24008,L-03,8,104,70,3,470.5,3,230,0,460.5
121,8,421,W2434TSW,DI-C--P,24009,P-03,24008,L-03,8,104,70,3,470.5,7,230,0,460.5
121,8,422,W2434TSW,DI-C--Q,24009,P-03,24008,L-03,8,104,70,3,470.5,8,230,0,460.5
121,8,418,W2434TSW,DI-C--P,24009,P-03,24008,L-03,8,104,70,3,250,7,230,0,250
122,8,428,W2434TSW,DI-C--V,24009,V-03,24008,U-03,8,104,70,3,1950,2,230,0,1940
122,8,419,W2434TSW,DI-C--Q,24009,P-03,24008,L-03,8,104,70,3,250,8,230,0,250
122,8,412,W2434TSW,DI-S--H,24009,V-03,24008,U-03,8,104,70,3,2085,1,229,0,2075
122,8,407,W2434TSW,DI-S--N,24009,R-03,24008,N-03,8,104,70,3,532,6,229,0,522
122,8,408,W2434TSW,DI-S--O,24009,R-03,24008,N-03,8,104,70,3,532,3,229,0,522
122,8,409,W2434TSW,DI-S--P,24009,R-03,24008,N-03,8,104,70,3,532,7,229,0,522
123,8,413,W2434TSW,DI-S--V,24009,V-03,24008,U-03,8,104,70,3,2085,2,229,0,2075
123,8,410,W2434TSW,DI-S--Q,24009,R-03,24008,N-03,8,104,70,3,532,8,229,0,522
123,8,403,W2434TSW,DI-S--N,24009,R-03,24008,N-03,8,104,70,3,286,6,229,0,276
123,8,404,W2434TSW,DI-S--O,24009,R-03,24008,N-03,8,104,70,3,286,3,229,0,276
123,8,405,W2434TSW,DI-S--P,24009,R-03,24008,N-03,8,104,70,3,286,7,229,0,276
123,8,406,W2434TSW,DI-S--Q,24009,R-03,24008,N-03,8,104,70,3,286,8,229,0,276
123,8,398,W2434TSW,DU-S--H,24009,T-03,24008,S-03,8,104,70,3,2085,1,228,0,2075
124,8,399,W2434TSW,DU-S--V,24009,T-03,24008,S-03,8,104,70,3,2085,2,228,0,2075
124,8,393,W2434TSW,DU-S--N,24009,R-03,24008,N-03,8,104,70,3,596,6,228,0,586
124,8,394,W2434TSW,DU-S--O,24009,R-03,24008,N-03,8,104,70,3,596,3,228,0,586
124,8,395,W2434TSW,DU-S--P,24009,R-03,24008,N-03,8,104,70,3,596,7,228,0,586
124,8,396,W2434TSW,DU-S--Q,24009,R-03,24008,N-03,8,104,70,3,596,8,228,0,586
124,8,374,W2434TSW,DU-S--N,24009,R-03,24008,N-03,8,104,70,3,698.5,6,227,0,688.5
124,8,375,W2434TSW,DU-S--N,24009,R-03,24008,N-03,8,104,70,3,698.5,6,227,0,688.5
125,8,383,W2434TSW,DU-S--H,24009,T-03,24008,S-03,8,104,70,3,2085,1,227,0,2075
125,8,384,W2434TSW,DU-S--H,24009,T-03,24008,S-03,8,104,70,3,2085,1,227,0,2075
125,8,376,W2434TSW,DU-S--N,24009,R-03,24008,N-03,8,104,70,3,698.5,6,227,0,688.5
125,8,377,W2434TSW,DU-S--N,24009,R-03,24008,N-03,8,104,70,3,698.5,6,227,0,688.5
125,8,357,W2434TSW,DU-C--N,24009,P-03,24008,L-03,8,104,70,3,368,6,225,0,358
126,8,385,W2434TSW,DU-S--V,24009,T-03,24008,S-03,8,104,70,3,2085,2,227,0,2075
126,8,386,W2434TSW,DU-S--V,24009,T-03,24008,S-03,8,104,70,3,2085,2,227,0,2075
126,8,378,W2434TSW,DU-S--O,24009,R-03,24008,N-03,8,104,70,3,698.5,3,227,0,688.5
126,8,379,W2434TSW,DU-S--O,24009,R-03,24008,N-03,8,104,70,3,698.5,3,227,0,688.5
126,8,358,W2434TSW,DU-C--O,24009,P-03,24008,L-03,8,104,70,3,368,3,225,0,358
127,8,380,W2434TSW,DU-S--U,24009,R-03,24008,N-03,8,104,70,3,698.5,4,227,0,688.5
127,8,381,W2434TSW,DU-S--U,24009,R-03,24008,N-03,8,104,70,3,698.5,4,227,0,688.5
127,8,370,W2434TSW,DI-S--H,24009,V-03,24008,U-03,8,104,70,3,2250,1,226,0,2240
127,8,371,W2434TSW,DI-S--V,24009,V-03,24008,U-03,8,104,70,3,2250,2,226,0,2240
128,8,365,W2434TSW,DI-S--N,24009,R-03,24008,N-03,8,104,70,3,868,6,226,0,858
128,8,366,W2434TSW,DI-S--O,24009,R-03,24008,N-03,8,104,70,3,868,3,226,0,858
128,8,367,W2434TSW,DI-S--U,24009,R-03,24008,N-03,8,104,70,3,868,4,226,0,858
128,8,361,W2434TSW,DU-C--H,24009,T-03,24008,S-03,8,104,70,3,1550,1,225,0,1540
128,8,362,W2434TSW,DU-C--V,24009,T-03,24008,S-03,8,104,70,3,1550,2,225,0,1540
129,8,359,W2434TSW,DU-C--U,24009,P-03,24008,L-03,8,104,70,3,368,4,225,0,358